alpha_raw <- 0.00708388861241199
mu_theta <- -1.53078908561383
tau_theta <- 4.92528323037307
theta <- 
c(0.38344387989041, 0.30822110355446,
-2.4242976524778, -1.61144315489753,
-0.546135737569607, -0.534757556960954)
